steps	episodes	elapsed	mean	median	stdev	max	min	average_q1	average_q2	average_q_func1_loss	average_q_func2_loss	n_updates	average_entropy	temperature
5000	24	1.7792987823486328	-1463.7999769030882	-1477.8155532862968	47.17289087163518	-1398.5825969106374	-1536.9789041710367	nan	nan	nan	nan	0	nan	1.0
10000	48	3.7628531455993652	-1426.8605949731868	-1453.756431003028	84.05060747064422	-1258.1375012454569	-1516.3408280135	0.29865357	-0.09816466	26.6760196685791	24.09283447265625	1	0.52639645	0.9997000694274902
15000	72	86.01620030403137	-192.4877369119613	-179.1447041399488	82.79888780445451	-116.0801676590445	-362.37953139877163	-97.46404	-97.43732	0.5181690767407418	0.6268751433491707	5001	-0.57873344	0.39446067810058594
20000	100	196.2955322265625	-141.7171169513714	-122.33605194079735	105.75052318191126	-0.5752778269279808	-342.0578407894189	-88.94381	-88.89222	0.9324317789077758	1.3505427098274232	10001	-0.890724	0.27430692315101624
25000	124	280.22857761383057	-178.1165145468812	-174.29779392733892	100.17993659431387	-0.2286919450885443	-361.9045199725694	-72.12131	-72.06211	0.6565008610486984	0.9309148442745209	15001	-1.0257726	0.14924350380897522
30000	148	378.11807560920715	-177.00980059201166	-124.32805818508211	77.5275458562807	-115.78492565408297	-324.03786329871696	-60.113323	-60.154648	0.5391390338540077	0.7704260838031769	20001	-1.005185	0.08318589627742767
35000	172	468.5560612678528	-96.51954578510335	-117.31613882761212	50.699388723943954	-0.2574948262656154	-126.57892609140822	-54.690258	-54.65468	0.5439056053757667	0.6818474033474922	25001	-0.9227312	0.05052666366100311
40000	200	552.8892612457275	-84.49839494930414	-118.39205120159909	57.82702943480956	-0.15063342168448443	-125.48508720231142	-50.15765	-50.199657	0.4598593306541443	0.5643750320374966	30001	-0.90585256	0.04392635449767113
45000	224	645.7214078903198	-127.4352297971175	-114.24367623497392	86.07566925200715	-0.1006057465531222	-238.1304693600276	-46.213726	-46.218563	0.41436350643634795	0.46381334215402603	35001	-0.9033591	0.03699823468923569
50000	248	740.2923400402069	-129.71992775139628	-120.283033655732	101.67102080568905	-0.017817393701082616	-352.3086115000533	-45.400757	-45.411694	0.4155536778271198	0.4593145048618317	40001	-1.1888047	0.031429387629032135
55000	272	825.5833497047424	-133.8717600046932	-126.30882080978886	66.44061442277568	-0.7968741223228704	-244.20087691694704	-41.985165	-42.032257	0.36966238960623743	0.43552970319986345	45001	-1.0393943	0.025231579318642616
60000	300	952.4402546882629	-120.9752871479458	-123.8891925188909	55.17341214414238	-1.1315229693313476	-233.80774427689283	-36.332195	-36.319954	0.39373250633478163	0.40313652887940404	50001	-0.83221865	0.023101074621081352
65000	324	1041.2990787029266	-177.4305286128026	-173.80460840051285	59.821529746776854	-118.71115735603931	-243.9944884012983	-34.882446	-34.878468	0.3333608940243721	0.32547319009900094	55001	-1.0107161	0.02298091910779476
70000	348	1133.2414510250092	-133.2881876347094	-125.60012713178166	65.06434642006904	-1.1251807577125656	-240.92372235309685	-31.47375	-31.483328	0.2923689668625593	0.3043097141385078	60001	-0.942579	0.022350162267684937
75000	372	1237.4739968776703	-157.21352886331246	-126.62032826827642	78.4794853489224	-1.195711908241175	-243.19553573663646	-35.825935	-35.791267	0.30717440113425254	0.3678103932738304	65001	-0.94339406	0.01800534687936306
80000	400	1319.6934442520142	-149.5110175983235	-120.23812195049773	87.2638282113114	-1.633934902427644	-315.9388819650891	-32.44403	-32.439278	0.314700827896595	0.32873313412070276	70001	-1.0340699	0.016355544328689575
85000	424	1401.8427004814148	-163.27088654774855	-119.50724868026467	76.19998168551996	-117.52102363626074	-335.07458963046105	-30.21878	-30.201153	0.2716633914411068	0.33015517219901086	75001	-0.9632767	0.016393795609474182
90000	448	1487.405487537384	-126.92529592258326	-118.0876909747878	82.6837474477358	-0.04677977923149011	-232.19690287658042	-31.418762	-31.387638	0.2721908264607191	0.2945727649331093	80001	-1.0042411	0.01911809667944908
95000	472	1575.103622674942	-156.04564901522264	-123.48216239471945	79.78973908268473	-2.237486245368397	-246.9465263773372	-26.02397	-25.991655	0.23675176993012428	0.27411425530910494	85001	-0.7857495	0.01919998787343502
100000	500	1659.6646161079407	-177.10711802387112	-123.81982811159335	79.14910273160564	-119.22557678012457	-344.7407341915983	-25.638922	-25.63379	0.26401162415742874	0.2873013769090176	90001	-0.8244408	0.01788083277642727
105000	524	1741.534985780716	-133.62946268833986	-123.27517316766122	67.66233106100582	-1.5678941889002362	-247.3962382251907	-28.191133	-28.215422	0.29023737996816634	0.273140230178833	95001	-0.93114734	0.016360653564333916
110000	548	1823.2005152702332	-141.2934603897486	-121.11534311282756	88.8885821472202	-1.1262264258354528	-347.1629438921599	-26.731844	-26.733063	0.24941125839948655	0.2558530779182911	100001	-0.8840663	0.01787460967898369
115000	572	1922.0868127346039	-120.37445169787108	-119.81357317824506	56.151437503726655	-1.3914112026054215	-239.06244298231852	-26.858004	-26.845018	0.2382555930316448	0.23948775850236415	105001	-0.9540032	0.016847791150212288
120000	600	2021.2235763072968	-105.02214801991023	-118.09227513909495	84.08643502530992	-0.15156743699835076	-228.76128857707022	-27.59432	-27.604794	0.2200224669277668	0.2379235827177763	110001	-0.91731673	0.017031576484441757
125000	624	2102.5452349185944	-152.71539686020628	-172.14957177725884	95.07360670055577	-0.5943344636722736	-247.32272224821028	-26.92592	-26.937492	0.20878427289426327	0.2482541947066784	115001	-0.99324036	0.013627340085804462
130000	648	2202.6938693523407	-144.20464598543253	-123.20595743084682	73.4045272597296	-0.9581070879332967	-245.7192968293137	-23.622208	-23.552906	0.2363279354572296	0.24088074170053006	120001	-0.868606	0.014338906854391098
135000	672	2291.996223926544	-151.78894050324521	-121.39508945144223	77.45310821181374	-0.33615039829091914	-235.5018870534312	-22.28599	-22.222918	0.24231509663164616	0.2608597078919411	125001	-0.81536704	0.012438110075891018
140000	700	2375.5627739429474	-163.2432552948992	-223.07242535434045	96.93513618803718	-0.3914995259762257	-238.92641134257082	-23.576818	-23.621874	0.27876702561974526	0.35699532330036166	130001	-1.0717629	0.014651091769337654
145000	724	2459.646525144577	-150.18802357668565	-121.81080698728141	64.86866370439316	-118.35662081714032	-309.4875754451626	-23.532316	-23.554571	0.21493814788758756	0.2516369806230068	135001	-1.1152341	0.01670840196311474
150000	748	2542.285474538803	-138.94156837344616	-124.34301682043605	88.22419926868045	-0.012558462087314532	-230.50718315843392	-19.633413	-19.629234	0.2257750353962183	0.2131726346164942	140001	-0.8585338	0.014238988049328327
155000	772	2625.4604408740997	-114.31332646950585	-116.01206143092813	101.36144044939809	-0.13674743229306452	-303.15257586733367	-24.091465	-24.093382	0.20977893505245448	0.2143036562949419	145001	-1.1375751	0.014065678231418133
160000	800	2708.6269705295563	-129.30815142174512	-120.49478532823328	62.47980762073148	-1.2976139158700595	-227.68415959163573	-21.283606	-21.220598	0.25563919126987455	0.2079434150457382	150001	-0.9938309	0.015359872952103615
165000	824	2802.8437225818634	-143.2292820790647	-120.8684728347255	94.97550881578006	-0.029406143758474897	-259.3131825985784	-22.021511	-21.985153	0.20073287755250932	0.2393818862736225	155001	-0.8850316	0.013744906522333622
170000	848	2890.6467764377594	-127.16975988313274	-119.21912386652625	82.20830895578744	-0.3795920498530848	-229.05706573968712	-21.730734	-21.700922	0.2518222143501043	0.2363899065554142	160001	-0.8858634	0.013104616664350033
175000	872	2973.8258957862854	-84.90676110702532	-117.6401860492123	58.26639239833151	-0.17252427351203628	-128.33499449759648	-23.750008	-23.713839	0.20871698960661889	0.1984349662810564	165001	-0.98798645	0.013482102192938328
180000	900	3056.7417709827423	-174.47607530494057	-175.08928067127724	55.96788163413138	-118.24285070700674	-236.8252585666702	-19.553278	-19.51814	0.20693161349743605	0.22963133312761783	170001	-0.99731714	0.013474776409566402
185000	924	3139.8947174549103	-167.19536717903847	-124.88933214536222	57.31111090570081	-116.556736652102	-243.3565685775114	-20.679203	-20.637415	0.23673317819833756	0.21573291569948197	175001	-1.022624	0.012916461564600468
190000	948	3232.164228439331	-187.2914123498391	-184.35633926729707	72.0554862220012	-117.19160624562686	-299.12414690109944	-20.564503	-20.583515	0.23141540959477425	0.21826740369200706	180001	-1.0203974	0.012098695151507854
195000	972	3313.949040412903	-162.93482013002026	-123.47597512305266	54.35316687447462	-118.69960727902392	-232.5981758414488	-19.61645	-19.646347	0.20514173895120622	0.1992193042486906	185001	-0.8886593	0.011243939399719238
200000	1000	3395.3846299648285	-151.81288402756152	-124.25792744196823	49.24560332967505	-114.54680735016827	-228.91957898201358	-16.82967	-16.819529	0.2134489321708679	0.20873389147222043	190001	-1.0429754	0.011840513907372952
205000	1024	3477.2048046588898	-131.12383091801757	-120.66071817204528	64.8301812306529	-2.0870484298966345	-233.51449943666512	-19.95711	-19.992962	0.2610800611972809	0.27962360955774784	195001	-1.1225462	0.011907806620001793
210000	1048	3560.780113697052	-151.25532639567396	-121.1910116656322	51.60034615961031	-116.25843428692592	-234.64602551882126	-17.253447	-17.247704	0.3156055275350809	0.31983594596385956	200001	-1.0288574	0.011940984055399895
215000	1072	3654.051709651947	-108.46708684656241	-117.99161161193503	90.17631286814175	-0.13960771419215678	-254.0339048400064	-20.841139	-20.796497	0.21658229477703572	0.21292766749858857	205001	-1.0551807	0.010731400921940804
220000	1100	3736.2122433185577	-192.41819691682937	-175.77591252899313	82.71696463356743	-116.75512996515388	-359.49760419403015	-21.18749	-21.186409	0.22746571376919747	0.1815000846236944	210001	-1.2401167	0.010361944325268269
225000	1124	3818.02938580513	-166.23281432366207	-121.56886359240679	78.27753995632688	-115.6750001845134	-332.017333375543	-20.544325	-20.563044	0.20102411773055792	0.21532129231840372	215001	-1.068373	0.010275823064148426
230000	1148	3906.7188942432404	-127.31584816560981	-120.03689359450166	82.30696667732761	-0.3818329611975125	-229.25661735887428	-17.880539	-17.852966	0.23065274398773908	0.19603321611881255	220001	-1.0494089	0.010045109316706657
235000	1172	3994.8000717163086	-119.77083948235774	-119.62378828001724	97.12907770487419	-0.04854645096955134	-249.7017835108485	-18.728174	-18.735748	0.29524545900523663	0.2282932548224926	225001	-1.079678	0.010715753771364689
240000	1200	4087.814141511917	-165.71157159686285	-173.28312462747408	82.41395441658264	-1.507259817809488	-253.8215232726949	-19.955532	-19.96253	0.18752716943621636	0.19815066374838353	230001	-0.9762304	0.011234036646783352
245000	1224	4172.280867099762	-168.60693269834238	-122.44746894601556	84.44677229289029	-116.72778904643678	-362.50215904031245	-21.335371	-21.355936	0.18430954955518244	0.19823090124875306	235001	-0.9765187	0.010978457517921925
250000	1248	4260.754048109055	-118.15532244228262	-117.20821125629243	3.5573845577144803	-113.81405340385072	-124.15077584957602	-17.376364	-17.317486	0.25041937321424484	0.225584070160985	240001	-0.991104	0.01027127169072628
255000	1272	4348.293845653534	-119.09116276229246	-118.74046257332657	55.04329951270479	-1.3859486937133318	-234.77047252790928	-19.627344	-19.596539	0.2385724300891161	0.21654088489711285	245001	-1.0235306	0.009251883253455162
260000	1300	4438.869527101517	-198.5292791810206	-222.4000172460527	75.10708177648992	-116.47511311194147	-310.78110020896264	-17.113985	-17.153856	0.18737785547971725	0.17114444710314275	250001	-0.8204332	0.009272906929254532
265000	1324	4552.605315923691	-165.15627315824113	-125.91051356691261	90.9084379329083	-3.875445642047901	-314.53432640857557	-15.200502	-15.165283	0.24575350314378738	0.22455603308975697	255001	-0.83039135	0.01024121418595314
270000	1348	4637.148157835007	-154.8424386644621	-122.85954470878445	80.02884517401253	-2.305350191561802	-243.95491237370817	-17.414526	-17.432766	0.22955292746424674	0.19857419408857824	260001	-1.0035816	0.010203223675489426
275000	1372	4755.131776571274	-151.13926178164752	-122.68739107242348	103.72597625790091	-0.22741786037243988	-306.36100292509946	-17.924852	-17.93041	0.46132315952330827	0.49615350522100926	265001	-0.9404338	0.017488015815615654
280000	1400	4878.163638353348	-119.12550238443485	-121.71270430509801	76.83981722581544	-0.034122860571823725	-234.27313282151755	-18.055426	-18.12706	0.21692011386156082	0.22071932420134543	270001	-0.8936006	0.012393530458211899
285000	1424	4963.768747806549	-124.85713632422384	-119.1851098766114	90.55072658862014	-1.75648609844043	-303.22356717620426	-18.165955	-18.156092	0.2108120571449399	0.21680146194994449	275001	-0.9110176	0.012238199822604656
290000	1448	5049.5460295677185	-140.5362252763555	-119.1738717183523	71.74772372948098	-0.4074010277167432	-234.7270627009199	-16.790442	-16.802757	0.21477964900434018	0.19158697187900542	280001	-0.9366681	0.013455475680530071
295000	1472	5133.9006407260895	-143.15271783991076	-122.458107795118	46.825126559582614	-116.6181330692869	-239.2112599750788	-16.754957	-16.73005	0.2119477964192629	0.18077855877578258	285001	-1.0107642	0.015266286209225655
300000	1500	5238.440139770508	-153.84132519143927	-122.58817307906563	78.4168471134407	-0.5981957236106327	-245.9042097746796	-16.870785	-16.927156	0.17251525893807412	0.1653161497786641	290001	-1.0389334	0.0154905766248703
305000	1524	5325.156720399857	-154.1196794333902	-123.18428330892968	112.00828491348432	-0.6627088573588651	-364.10719581410086	-14.466523	-14.495773	0.27437525570392607	0.28223331794142725	295001	-1.1159754	0.015952112153172493
310000	1548	5410.554608345032	-151.54512544267828	-120.1233598033321	54.33012514390742	-113.78876735342548	-239.94577556614627	-16.972206	-17.014395	0.22681630209088324	0.19994294077157973	300001	-0.95635146	0.016584180295467377
315000	1572	5495.573867797852	-140.50440349509606	-121.96526707326342	70.06039012808539	-1.0103393862142624	-228.39099173675285	-18.971684	-18.993261	0.19907173730432987	0.2073623787611723	305001	-0.9939392	0.015525095164775848
320000	1600	5582.131654262543	-153.00172762176746	-174.13448552653338	94.244735387858	-1.2981383946691119	-238.6333765838942	-16.936863	-16.925957	0.15538911167532204	0.1768543170019984	310001	-0.8766117	0.017547758296132088
325000	1624	5667.346893548965	-161.1383974771145	-121.95221967503755	90.14480149280266	-0.5923289960978999	-322.5821907146294	-17.975126	-17.98735	0.20683700170367955	0.1921091976761818	315001	-1.0296074	0.01695905439555645
330000	1648	5752.666331768036	-150.92730207381737	-121.37430780855732	107.46195532828594	-1.6552421265873394	-350.4758086798142	-16.135738	-16.146544	0.1748113390058279	0.1915213229879737	320001	-0.9766739	0.01703624613583088
335000	1672	5875.255044221878	-163.6968493792276	-121.19541577132175	76.6204587752756	-115.61031509502952	-335.14156814851646	-16.627964	-16.60687	0.1637327466160059	0.1726646364480257	325001	-0.92083585	0.018287310376763344
340000	1700	5982.008242845535	-141.74247600987906	-122.43659274403797	91.03062124576803	-0.8391512423229291	-241.79956501265494	-13.838449	-13.872245	0.20745591647922992	0.20348599255084993	330001	-0.922281	0.015638595446944237
345000	1724	6066.273996353149	-140.46138784719932	-121.29282461720592	71.33889872169252	-0.4813055034500078	-241.07559187427995	-17.581581	-17.548197	0.18837236441671848	0.18575338572263717	335001	-1.070532	0.01633632555603981
350000	1748	6152.686120271683	-142.18148450219198	-118.65186225255056	75.11782976137972	-2.405009812303814	-247.00146664777964	-15.99715	-16.00746	0.18678774304687976	0.20740194208920001	340001	-1.2014683	0.016256805509328842
355000	1772	6253.46053981781	-106.42362338375649	-118.05468945049721	86.99282726132084	-0.4165128236838282	-244.15196961485339	-15.446836	-15.4685	0.35606126964092255	0.3824835588783026	345001	-1.0708083	0.016057787463068962
360000	1800	6340.259348630905	-154.00142116492697	-124.69132220312024	75.98075021304868	-2.171790916576868	-236.83815084762708	-15.070998	-15.025363	0.2820086815953255	0.2085222103074193	350001	-1.041612	0.014642097055912018
365000	1824	6435.119763851166	-120.4663222413392	-120.3041667590264	55.44314072148439	-2.144930167023455	-237.32444932741672	-14.515736	-14.514149	0.20459658097475766	0.1754905205592513	355001	-1.0789165	0.014496983028948307
370000	1848	6551.626673936844	-127.91766965502717	-119.2861525254862	61.56761683234026	-1.7895341495218857	-225.2531611992945	-15.680139	-15.660549	0.2184142491221428	0.2259119190275669	360001	-0.86591345	0.014305000193417072
375000	1872	6637.587697267532	-127.57616400216135	-123.79226788420044	98.96461903601885	-0.39775268250080825	-230.85759972745112	-14.22584	-14.296806	0.22941444464027883	0.17573181249201297	365001	-1.0230091	0.014061406254768372
380000	1900	6723.093967676163	-105.37985016478514	-120.48855092066172	100.40743701092222	-0.501807754991155	-243.66398324463154	-14.932871	-14.962939	0.2890737457573414	0.2524173830449581	370001	-1.0232685	0.013978950679302216
385000	1924	6808.599477767944	-177.51231974211913	-175.28779730857207	59.25695272689422	-118.52712557308236	-245.44819978336957	-16.320427	-16.310202	0.1711240043863654	0.19341977123171092	375001	-1.0116402	0.01423581037670374
390000	1948	6895.992719173431	-164.16477221695155	-123.5759702177794	57.096264899469254	-115.87758857357522	-242.94296830014133	-17.006287	-16.977713	0.19578573387116194	0.16174733929336071	380001	-1.0574733	0.012526779435575008
395000	1972	6982.517791032791	-134.89164872123342	-120.58224786653997	93.58026704619463	-0.6501666631528269	-289.2265208493911	-10.979714	-11.03583	0.19218434289097786	0.17542389441281558	385001	-0.80642533	0.01445968821644783
400000	2000	7068.352252244949	-152.5093823664461	-122.08599759493951	77.97852476457336	-0.06265084604164885	-239.71190748250683	-17.118437	-17.104559	0.1897535928338766	0.17431108858436345	390001	-1.2021725	0.011794397607445717
405000	2024	7157.290374040604	-161.70212144279387	-122.2269938332763	89.99582237793125	-2.5757027379655226	-309.3526766648993	-15.311473	-15.311262	0.14924009144306183	0.1815192249417305	395001	-1.0559719	0.014406186528503895
410000	2048	7248.608016252518	-129.17952031260774	-119.15155394540332	33.19657604971823	-113.6890227313286	-223.4835774560449	-15.947476	-15.930385	0.16943893667310475	0.14832487553358079	400001	-1.0152338	0.013332683593034744
415000	2072	7348.3356873989105	-115.83515092488922	-118.52844672759583	74.289457195735	-0.395804629645618	-225.94189055391743	-13.6219015	-13.632033	0.17129197891801595	0.1505021571740508	405001	-0.7674988	0.014901148155331612
420000	2100	7453.888988733292	-146.0582035422316	-120.2972093772853	78.79315877350217	-1.7777680637461772	-276.3081626732719	-15.7519245	-15.771872	0.15876942798495292	0.17449319146573544	410001	-1.1061567	0.01618921011686325
425000	2124	7541.305385351181	-151.39480636465134	-117.45699511368656	92.74933797744833	-0.39996869594489354	-333.38147136618807	-14.395808	-14.370995	0.17586887277662755	0.1358469070121646	415001	-0.98929054	0.017746709287166595
430000	2148	7634.047200679779	-150.11714818054728	-122.0872887281221	105.8626438103406	-0.11067623589740115	-335.7490425284199	-15.686756	-15.682457	0.19830030493438244	0.1925293106585741	420001	-0.93823755	0.018053947016596794
435000	2172	7726.402393817902	-170.32196675592107	-172.07481432424242	91.5638322932821	-0.19645717829693005	-327.5709456790549	-14.05681	-14.060042	0.20666096724569796	0.2047185427695513	425001	-0.9852947	0.019687607884407043
440000	2200	7814.389074802399	-129.19034692246098	-120.15901405377114	101.5309472079801	-0.10636163495112148	-241.73478145861446	-16.901539	-16.905933	0.1661853501200676	0.1946923179924488	430001	-1.2206095	0.017028093338012695
445000	2224	7901.735559463501	-120.61909877106012	-121.60061660762413	77.82083890038403	-0.9498668049361485	-235.64177204787046	-15.3038225	-15.2378025	0.29023240841925146	0.28798750586807725	435001	-1.0138785	0.022426895797252655
450000	2248	7990.268167972565	-127.81465307265756	-120.21140054633284	83.16972711562849	-0.2553390362278386	-230.56668815364065	-14.350924	-14.339014	0.1528894519805908	0.1847766611352563	440001	-1.0992867	0.02088160812854767
455000	2272	8089.119993925095	-158.80633908756377	-120.11901717929129	66.32138164255022	-113.72171073731512	-290.895924725925	-14.433116	-14.411808	0.18844516284763813	0.17338400784879923	445001	-0.8781117	0.022528545930981636
460000	2300	8194.48479270935	-144.13284307924033	-120.96225282881323	97.77434178506886	-0.26138745885245984	-376.41676033631404	-15.564693	-15.585224	0.2013203986734152	0.2351882852241397	450001	-1.0762686	0.019398294389247894
465000	2324	8287.793194532394	-155.11599370519895	-124.43254456254235	78.868465899557	-0.4298267995946929	-241.51685098425259	-12.458636	-12.4337225	0.16792514503002168	0.2345207564532757	455001	-1.0298022	0.02044808678328991
470000	2348	8379.395547389984	-118.03764877468467	-120.05019666790068	75.74079317113755	-0.4982332659732613	-229.68611156055968	-14.63194	-14.667983	0.17556789994239808	0.1880927900597453	460001	-0.94728065	0.02041073888540268
475000	2372	8468.367421150208	-170.27371285447168	-172.70540765376165	88.06105173099878	-1.1161610036292304	-300.78640707368805	-13.51273	-13.478849	0.20822124771773814	0.20945735037326813	465001	-0.93895763	0.020337719470262527
480000	2400	8583.095839262009	-128.9410384368797	-123.14573744379028	82.44532152746619	-0.035993072790248146	-227.9819466965509	-14.051304	-14.07192	0.20838784094899893	0.1887206694856286	470001	-0.999245	0.022009825333952904
485000	2424	8730.439754247665	-141.60423411296642	-123.78293536965285	69.12269144626146	-2.070671814453282	-231.1131187653313	-15.1079235	-15.109643	0.1508505554124713	0.13726960748434067	475001	-1.1035466	0.019918862730264664
490000	2448	8816.447893619537	-198.08842302141116	-224.21884510159367	71.69537775210836	-117.97474677445487	-304.3514070474844	-13.826849	-13.868019	0.18486809965223075	0.18374800864607096	480001	-0.93966895	0.01699892058968544
495000	2472	8921.680213689804	-107.70803901980348	-121.16982252993645	64.79262448372143	-0.7103271075350626	-225.09806470596828	-18.385845	-18.416939	0.18818935431540013	0.17173434354364872	485001	-1.0520719	0.019169554114341736
500000	2500	9049.635944843292	-95.29480483074391	-117.96013781211713	49.90994114848426	-0.060101460720377815	-123.50486747319087	-15.912439	-15.90971	0.1629575377702713	0.15739920031279325	490001	-1.0104859	0.01757204905152321
505000	2524	9141.591259717941	-139.18438274200557	-119.11813727704231	69.63405894206788	-2.4457943653989718	-228.2167897234303	-14.41092	-14.391014	0.15046803236007691	0.14765630047768355	495001	-1.1283634	0.018117669969797134
510000	2548	9232.84706401825	-168.99816689868658	-124.21293754427421	66.98027254377958	-115.61214341292697	-296.2316175545242	-18.576141	-18.590826	0.1803783044219017	0.23850244216620922	500001	-1.0076061	0.01818661205470562
515000	2572	9320.901691913605	-95.86322261000922	-61.24768467112542	109.2083935975509	-0.020926401140398385	-243.48342745021748	-10.154815	-10.180719	0.15958145309239627	0.1849874559044838	505001	-0.841847	0.017420725896954536
520000	2600	9408.792021274567	-116.00875479833239	-122.09994281152919	90.85570532070997	-0.41092833323443734	-228.6612119044603	-14.424235	-14.437299	0.27502757363021374	0.2467592365294695	510001	-1.0885053	0.017255330458283424
525000	2624	9494.483896493912	-129.4211067442749	-121.26684102095459	84.41564159272644	-0.4029546383555047	-231.2476312280194	-12.328909	-12.349188	0.25624658342450857	0.20745924025774	515001	-1.0002046	0.01541671808809042
530000	2648	9581.763366937637	-128.70510671403136	-120.73588581378453	83.18737940379954	-0.38850372435787117	-232.4357182677683	-16.644016	-16.61377	0.49617555662989615	0.4332403025776148	520001	-1.1355307	0.01994694396853447
535000	2672	9667.951800346375	-178.14927535090297	-174.65655120325403	59.40381359393139	-119.6303030454404	-252.83683763226142	-15.709486	-15.690489	0.19098563231527804	0.3207629368454218	525001	-1.0202312	0.016917716711759567
540000	2700	9754.021659612656	-117.03690294287307	-118.78661626216928	75.18603677407835	-0.3783664721586487	-231.574222755652	-14.514953	-14.54426	0.22953333467245102	0.21502139389514924	530001	-1.0744675	0.01811087131500244
545000	2724	9893.830059289932	-130.6452523801984	-121.31082526275833	117.74688857993984	-1.3676581861775325	-369.303520431561	-14.637469	-14.633716	0.15858619194477797	0.1504772026091814	535001	-0.9721569	0.017698176205158234
550000	2748	9980.973777770996	-151.64319002313567	-121.05765383873488	51.47305306956201	-116.64884937374	-230.00979819692782	-15.240529	-15.276615	0.19010652735829353	0.15311357457190752	540001	-1.1215141	0.016879748553037643
555000	2772	10068.509224653244	-205.66070704192268	-223.5279873306714	62.66659745322135	-119.44313908562766	-303.2341197039364	-13.806313	-13.775238	0.24239870235323907	0.170332747772336	545001	-0.99637467	0.01573788747191429
560000	2800	10152.967334032059	-152.52991264981878	-119.36506505517504	111.13414720626686	-0.7764065493199589	-356.06929624476714	-16.04095	-16.03152	0.17233493559062482	0.1445370513573289	550001	-1.0606958	0.014812581241130829
565000	2824	10238.637788057327	-149.12158924073748	-119.6597781337708	87.9804499864065	-0.1595640901744304	-307.0996554153292	-13.240781	-13.215285	0.16900017365813255	0.1536440582573414	555001	-1.0201519	0.014920978806912899
570000	2848	10330.699998378754	-182.52743297844486	-171.38560260366154	107.48514310794744	-0.604802197213975	-355.63752139246225	-11.776746	-11.804738	0.18414474442601203	0.1619486379250884	560001	-0.8457935	0.013785779476165771
575000	2872	10442.00006866455	-155.69339136023774	-121.6112678097557	56.04694498152824	-115.76837752114598	-258.64306960582235	-13.010711	-13.077396	0.23046541407704355	0.17372884839773178	565001	-1.0664623	0.01418889407068491
580000	2900	10558.02151966095	-154.66712969757646	-121.7071803441857	79.6847376165594	-0.3189976361962787	-243.77383191048506	-13.930593	-13.971106	0.14569953959435225	0.15559891909360885	570001	-0.9635281	0.014118548482656479
585000	2924	10655.282003879547	-109.6569657625676	-121.40616598815627	38.080335084074896	-1.4969063923805104	-125.31447513693942	-14.697795	-14.707822	0.16882771961390972	0.15479248944669963	575001	-0.98860145	0.013669277541339397
590000	2948	10744.145534038544	-117.63207451030003	-118.2051988491533	76.9432076873654	-0.49150210100161906	-236.95301586229232	-13.803686	-13.769421	0.2608130930364132	0.21691616207361222	580001	-1.0907693	0.014727250672876835
595000	2972	10829.535871505737	-116.08579843381044	-117.4153472338598	75.575085971736	-0.3480135417431585	-227.87483851901706	-12.911134	-12.896303	0.19901350285857916	0.24022560313344002	585001	-1.0004134	0.015785733237862587
600000	3000	10916.103502988815	-154.68266133545058	-123.81858137663717	54.13683268627599	-116.43548229809177	-242.20377070887145	-13.54354	-13.5821	0.18255209997296334	0.2394308776408434	590001	-0.9930304	0.013784129172563553
605000	3024	11057.539443016052	-133.51691036343658	-122.36402932417909	88.95370771966195	-0.23110756066635024	-243.08132912081786	-13.690498	-13.67766	0.16837238643318414	0.14880771890282632	595001	-0.8809446	0.015050703659653664
610000	3048	11199.407998085022	-140.65983130916374	-120.47828098048285	72.39365563826084	-0.17751767955817088	-237.07648941959937	-15.696626	-15.740913	0.2062685762345791	0.20867642492055893	600001	-0.98401284	0.014080246910452843
615000	3072	11341.655405044556	-109.40285471067016	-119.20887275728435	71.35574023434033	-0.22313985995871832	-254.96580725076157	-15.594512	-15.671124	0.16272326990962027	0.1724642251431942	605001	-0.97930485	0.016836171969771385
620000	3100	11456.391503572464	-120.02416430295875	-117.51874429426019	81.05340242819304	-0.3138593774597447	-249.07830013898408	-14.309746	-14.282272	0.18461300756782292	0.18941312737762928	610001	-0.9819124	0.015158451162278652
625000	3124	11554.610177278519	-106.78220684149056	-120.07649195214583	64.55903247403877	-1.3263583270408557	-227.48876000597434	-14.815724	-14.82032	0.2893903996795416	0.16022795401513576	615001	-1.1993339	0.014959984458982944
630000	3148	11645.520165920258	-151.1007871785396	-122.00263851593749	50.5735554415262	-116.6863596719092	-227.92777896730183	-12.221998	-12.232131	0.22263393349945546	0.22646731294691563	620001	-0.87004817	0.01301420945674181
635000	3172	11734.054474115372	-119.86026525890696	-121.61964591575517	77.62750318184945	-0.05261237839839937	-242.5240961199886	-12.66322	-12.629681	0.15814478654414416	0.1693999870866537	625001	-1.0623683	0.01311406772583723
640000	3200	11822.878091812134	-129.97200759702358	-121.27252309558695	62.740630419215066	-1.4198541195706846	-230.2106586113201	-13.547016	-13.549855	0.2572428539395332	0.3325550011172891	630001	-1.0835798	0.010813180357217789
645000	3224	11908.816537857056	-122.54384143772683	-117.94582971398404	102.80536991183568	-0.1286195829598739	-293.5987025327164	-14.379494	-14.387386	0.143939843326807	0.14583167284727097	635001	-1.0307293	0.01039752084761858
650000	3248	11993.517307043076	-128.3517211350726	-119.97058824123647	83.17194062509174	-0.08731574891688261	-235.93116849635175	-13.789801	-13.833894	0.3524000295251608	0.2866982448473573	640001	-1.07115	0.01197096612304449
655000	3272	12080.095222949982	-151.99633881337687	-123.03516923800447	76.72934984564137	-0.9172582424543421	-246.62208941961677	-13.99969	-13.99667	0.1632413410022855	0.13702787924557924	645001	-0.9226482	0.013013440184295177
660000	3300	12180.060287475586	-95.86305477320238	-119.73899326619554	74.19662297369786	-0.0682784543716884	-232.03073161408986	-14.144865	-14.140223	0.24412721380591393	0.1845402367040515	650001	-1.0178982	0.010784977115690708
665000	3324	12290.289488077164	-140.47628986383558	-121.4453558693177	70.53227342621202	-0.4274431096699904	-231.9014285272998	-13.967822	-13.918497	0.20213287226855756	0.18452599320560695	655001	-1.018843	0.012544878758490086
670000	3348	12405.57017827034	-172.6230764127267	-178.50409354900134	88.57124234802313	-0.07122753851580163	-277.0023132585934	-13.549403	-13.551678	0.21373473547399044	0.22528013192117213	660001	-0.92505234	0.011618980206549168
675000	3372	12495.740218400955	-162.62883443973442	-121.72166354126949	58.31305183807763	-114.84812618543673	-235.12175351015932	-13.916123	-13.954864	0.26638334784656764	0.22815215811133385	665001	-1.0320685	0.012565101496875286
680000	3400	12585.961550235748	-186.31637116191573	-179.40942696175458	73.2105519754323	-114.90962656865547	-310.45802335628895	-12.993573	-12.992077	0.17684213496744633	0.1420172256976366	670001	-1.015998	0.010317079722881317
685000	3424	12674.330206871033	-152.77621480841628	-122.49380470726288	77.71625963748123	-0.48308924337928194	-243.91606905778423	-13.93326	-13.931851	0.18112860187888147	0.1560249013081193	675001	-0.9875569	0.009946588426828384
690000	3448	12764.46617603302	-125.13036040558787	-116.56453290140584	92.59563575937688	-0.9046470362083953	-315.93194032915926	-13.429102	-13.482961	0.15656939543783666	0.13316537968814374	680001	-0.99658924	0.010789698921144009
695000	3472	12855.242375850677	-116.55199431255554	-115.88315206608362	95.02878368914789	-0.1349764062497722	-251.27000680887136	-15.220978	-15.190999	0.21393723487854005	0.20240894593298436	685001	-1.151092	0.011869269423186779
700000	3500	12945.637493610382	-129.15905572437816	-119.9516491849787	85.1710189958199	-0.1417848073013872	-240.42974823111075	-13.376759	-13.384991	0.13584832277148962	0.165862783677876	690001	-1.0432589	0.01224215142428875
705000	3524	13034.4901471138	-138.5384224859926	-118.90284524389956	80.05543213992698	-1.3699922216327873	-308.84103696071816	-10.431709	-10.430047	0.18850870378315449	0.1872121212258935	695001	-0.864144	0.011527961120009422
710000	3548	13122.51820397377	-83.98232079489324	-118.15383013804546	57.81307892313284	-0.06515367559939808	-123.84725729816472	-11.894306	-11.858111	0.19826945126056672	0.3297787103056908	700001	-0.94359106	0.012308834120631218
715000	3572	13231.57241821289	-140.67003950593033	-120.57787121145608	47.01140027757759	-112.76415966226986	-232.14275861210143	-14.700728	-14.7158985	0.17117347911000252	0.12231504827737809	705001	-0.94402295	0.013030268251895905
720000	3600	13322.960960388184	-116.97519661310977	-119.96197137733742	74.3635145914405	-0.3926563484616972	-226.05773700380752	-13.187481	-13.206582	0.2966131208464503	0.18725368048995733	710001	-0.95572877	0.012546888552606106
725000	3624	13416.780153989792	-105.5870367858098	-120.32935332114756	100.96077201330884	-0.11483084124520833	-235.81891919784	-12.250534	-12.254041	0.16969660963863134	0.1933927333727479	715001	-0.93359864	0.014195173978805542
730000	3648	13502.9207675457	-131.07094229829366	-120.59959522776867	104.1215409570639	-0.22378642511932603	-250.2243624931406	-11.684484	-11.668643	0.14890547268092633	0.1836992316879332	720001	-0.928965	0.012919683009386063
735000	3672	13595.200108528137	-106.08245989790157	-120.61631855912722	83.93127845747235	-0.100315661144149	-232.4790546476358	-12.51358	-12.494307	0.1812903316691518	0.17953642897307873	725001	-1.0264897	0.012716440483927727
740000	3700	13705.609679698944	-119.74805135036031	-120.26734789870275	55.00876900495454	-1.200907361877132	-234.34508514243015	-11.606113	-11.60695	0.15200416199862957	0.13236087638884783	730001	-0.94894975	0.01166499499231577
745000	3724	13814.557443618774	-129.09941454863417	-120.74242641040485	62.58963154283101	-1.7546408444952066	-229.6932335842768	-13.2087	-13.213342	0.2172554275020957	0.25482547506690023	735001	-0.9704316	0.010998222045600414
750000	3748	13904.672608852386	-176.72149294493047	-172.01991573664387	62.09473146752606	-117.9220011471425	-275.7585032053766	-11.011332	-10.995032	0.16049781220033765	0.14522401086986064	740001	-0.9293794	0.01219629030674696
755000	3772	13993.257802009583	-160.8707151530563	-122.77586690976045	88.95325866807288	-3.908832324231905	-308.84730681393546	-10.97399	-10.9697695	0.17123115520924329	0.1563332111015916	745001	-0.9508134	0.011520471423864365
760000	3800	14081.08197069168	-162.39017375842977	-170.52323932473118	78.26408230888667	-0.16163309105116064	-242.14198540019166	-12.582435	-12.551188	0.18423683725297452	0.20924390636384488	750001	-0.9216254	0.01269566547125578
765000	3824	14205.348612308502	-177.14731532367034	-176.35344048872665	97.66983646901835	-1.1388041471638959	-354.2600154394071	-14.826821	-14.830391	0.14687708705663682	0.1673498534411192	755001	-0.9410115	0.011841331608593464
770000	3848	14294.321084737778	-150.6214941990436	-119.91397544068815	75.97430443694893	-1.225882985278053	-242.86161805451886	-15.518782	-15.530866	0.27956825036555527	0.1554040321148932	760001	-0.97433263	0.011306882835924625
775000	3872	14385.43453001976	-146.46031596892476	-122.58277705787907	97.86152781825106	-0.231640928883285	-283.3552752094855	-12.706623	-12.657588	0.1500214009359479	0.12317293770611286	765001	-1.0712495	0.010946842841804028
780000	3900	14478.25031208992	-129.99695922895336	-119.01994453387488	66.27736001293692	-0.35919792401865647	-240.60198396607814	-13.997477	-13.969243	0.2946187423169613	0.27431510884314775	770001	-0.95633495	0.012740680947899818
785000	3924	14570.214420557022	-108.04929579440528	-118.26290608830877	86.26532337036113	-0.4081064214797671	-235.07473893411202	-13.884225	-13.849127	0.15893498219549657	0.19679838486015797	775001	-0.8861135	0.011378346011042595
790000	3948	14676.266194820404	-129.98294297273546	-119.5890431251398	34.26258476061133	-115.91149615521958	-227.33794305029232	-15.085231	-15.127803	0.1528771460801363	0.26379372537136075	780001	-1.1204331	0.009850259870290756
795000	3972	14765.501566648483	-105.97768505736758	-120.15493127111426	83.55264482442979	-0.13747509931804142	-231.38336561717685	-13.47919	-13.528809	0.14124279141426085	0.16296792186796666	785001	-1.0039859	0.011358272284269333
800000	4000	14873.35859632492	-130.86349263435278	-122.71708479005865	62.53494164894209	-0.27510668340220734	-228.4838898514568	-12.867137	-12.884347	0.24095015332102776	0.1446252861060202	790001	-1.0092067	0.01073937676846981
805000	4024	14994.006263971329	-144.60154028931993	-124.35790524068847	75.38956381447363	-0.165348575974726	-255.21607999080413	-12.107044	-12.1153145	0.1769834304973483	0.1879803854972124	795001	-1.1248269	0.010772076435387135
810000	4048	15082.383466243744	-152.75677214908245	-124.93543661328957	76.47132368173915	-0.1348517703417001	-234.0446189006988	-10.618809	-10.640158	0.23698396407067776	0.23087798096239567	800001	-0.9733364	0.010392588563263416
815000	4072	15171.285835027695	-126.53017960241466	-120.8074966571641	92.556077554371	-0.7847426315816644	-310.43463123012657	-12.043137	-12.055623	0.1542673009634018	0.1177560918778181	805001	-0.9261224	0.011315889656543732
820000	4100	15260.087319612503	-125.84770525114769	-119.83125873615249	73.40421561877251	-0.32068344210317556	-305.4854092986661	-14.410515	-14.398418	0.13599319078028202	0.15693061200901867	810001	-1.0234078	0.012112515047192574
825000	4124	15348.869887113571	-132.64082903147053	-122.07173915651589	67.97046586377205	-1.3098940311625873	-247.9378886425078	-14.241084	-14.206797	0.15324685860425233	0.10406902868300677	815001	-0.95276624	0.010416870005428791
830000	4148	15438.391821622849	-154.8468223036611	-119.48905140003586	93.95530012402745	-0.584383595738627	-302.656717999272	-13.949737	-13.973133	0.14946411930024625	0.1462657032907009	820001	-1.1815842	0.00979208666831255
835000	4172	15527.212088108063	-108.06081369415305	-120.47749279277612	37.98374723235074	-0.06062167409725072	-122.3513834061916	-11.870957	-11.873227	0.22751996599137783	0.20169035898521542	825001	-0.89419127	0.010120583698153496
840000	4200	15616.914280891418	-127.62035982653788	-121.58784291590804	82.23563922234668	-0.07175668991382989	-227.03022652835412	-13.6468115	-13.630028	0.1374411714076996	0.14488572347909212	830001	-0.99855286	0.01113126240670681
845000	4224	15746.174812316895	-134.5765428942583	-119.27859536658269	72.9097920264399	-1.8279508037898637	-270.25402950520396	-12.075975	-12.078201	0.1402050807699561	0.16149224616587163	835001	-1.0804219	0.01133777480572462
850000	4248	15860.604453325272	-141.16315799100755	-120.05810150016862	72.79290887239962	-2.35638421125803	-245.01298676656447	-10.52266	-10.471549	0.23353540815413	0.20436369597911835	840001	-0.9745897	0.011249367147684097
855000	4272	15982.97850728035	-190.41136535487092	-223.32211617708703	64.4465275871922	-116.24684619106917	-275.47940799478965	-12.978849	-12.976112	0.16533130262047052	0.14699358578771352	845001	-1.1276975	0.011165959760546684
860000	4300	16083.8402364254	-149.04515727327305	-168.93778259901165	93.10253860664012	-0.12056268486253456	-238.33252562108396	-11.195672	-11.207862	0.16037445364519953	0.14306527763605117	850001	-0.8888651	0.009891081601381302
865000	4324	16204.26535654068	-149.46598850677134	-121.9789744543241	83.81996167253013	-1.3505108429156503	-270.7688436065301	-13.018174	-13.016596	0.21193752128630877	0.1956375604867935	855001	-0.8939352	0.010191593319177628
870000	4348	16293.103902339935	-184.7825719847803	-176.68137949900483	69.1626597996	-116.34499444777144	-269.86641366518774	-11.410666	-11.405391	0.14913928292691708	0.14375789802521466	860001	-1.0484499	0.012278866022825241
875000	4372	16386.72662305832	-157.0271434342952	-121.77565795604454	75.48730313429866	-116.18037450899654	-301.03780653968215	-12.368883	-12.370014	0.16551010601222516	0.12884911738336086	865001	-1.0388724	0.009403707459568977
880000	4400	16476.218131780624	-131.26950937286466	-122.35180333663189	64.71593215214796	-0.2090035146368403	-241.43010962762	-12.922801	-12.925289	0.25709223560988903	0.23275001861155034	870001	-1.1594391	0.01030205562710762
885000	4424	16563.500105381012	-174.41286016245095	-169.99360183748246	58.38094666404827	-116.7703056956802	-249.37739723396163	-12.012873	-12.012749	0.2695608884468675	0.13949704611673952	875001	-0.8939431	0.010429599322378635
890000	4448	16651.766532421112	-157.22525477772479	-125.36389352291658	82.0432804904418	-0.8061539243194831	-261.835366821967	-12.302332	-12.31837	0.18820461466908456	0.19455155968666077	880001	-0.9691826	0.00992594100534916
895000	4472	16738.710372924805	-121.47188926395066	-119.83351952800963	116.21985750740778	-0.11881807664336096	-293.80990308445155	-13.959082	-13.974423	0.21470021329820155	0.19372176203876734	885001	-1.1006688	0.00946294330060482
900000	4500	16828.243260145187	-156.78241016342386	-119.40979383266694	64.37529044345445	-114.32831325141066	-287.1464346911337	-12.787347	-12.768759	0.17882328849285842	0.1845392820239067	890001	-1.0418057	0.009905963204801083
905000	4524	16924.582906246185	-140.50640270198676	-120.6737357119471	70.94916604763036	-0.3028239130371956	-231.2880522526377	-12.087177	-12.122425	0.18380723156034948	0.18271737322211265	895001	-0.9394801	0.010296953842043877
910000	4548	17032.290345668793	-150.63349659050093	-122.48695685271194	64.84222486342868	-116.67518598244044	-307.07547747408506	-13.351182	-13.403867	0.18605562940239906	0.14924026139080523	900001	-0.98202527	0.010818492621183395
915000	4572	17154.30121064186	-94.66820133603346	-117.83235615272211	90.82029295813194	-0.13735199132060616	-239.0048507936882	-12.710136	-12.712484	0.1733038097061217	0.1335354099422693	905001	-1.0669737	0.009196051396429539
920000	4600	17277.00504374504	-144.95042117974458	-120.98832192841573	95.60634529640194	-0.13168425299720243	-275.3566858927044	-12.199101	-12.180376	0.17620748396962882	0.15247236084192992	910001	-0.97667044	0.009206769987940788
925000	4624	17388.1976313591	-141.24198876511724	-118.90147023125334	73.60394331198674	-2.669419308183114	-245.41004316510544	-10.886311	-10.927282	0.24870305128395556	0.2425451359897852	915001	-1.0145195	0.011674471199512482
930000	4648	17477.640177488327	-153.82615876010016	-119.74588728981735	91.96603707349995	-0.20995309728964212	-302.23818140398555	-12.7382345	-12.733847	0.19412172734737396	0.15029510313645006	920001	-1.114687	0.009780019521713257
935000	4672	17565.88542532921	-150.90284307380847	-121.39446034270057	76.4151682985714	-0.2494463935830601	-238.79172263194945	-12.854604	-12.824934	0.22212197471410036	0.1429885410889983	925001	-1.0103086	0.00943823903799057
940000	4700	17652.830932617188	-116.23841417078282	-116.14540999662715	93.7040831848263	-0.05783414194135811	-241.67138308702462	-13.198033	-13.17057	0.18017914671450852	0.15133355345577001	930001	-1.0166929	0.009818288497626781
945000	4724	17766.52446579933	-171.65027261306778	-121.70379447886629	104.26114383703086	-0.8264454931284229	-353.13413289388086	-12.710783	-12.726785	0.1950858311355114	0.1943057505041361	935001	-1.0570604	0.009567147120833397
950000	4748	17853.95811033249	-155.3978347651873	-122.69318586703986	81.19325397504234	-0.5626949686175822	-269.7392317450536	-12.78161	-12.799348	0.3452471880987287	0.2727774065360427	940001	-0.91216344	0.01066938228905201
955000	4772	17964.564487218857	-187.80993417288497	-173.79605122663534	75.8795913024208	-116.86155438086381	-296.4796309454658	-10.650123	-10.64742	0.11520505353808402	0.09553896883502602	945001	-0.84812903	0.010071632452309132
960000	4800	18050.290301561356	-161.11995043363473	-121.58513824176579	55.520664990396725	-114.07553033554423	-228.79021351458204	-14.284781	-14.2841425	0.19643719470128418	0.2499591091275215	950001	-1.057428	0.009264111518859863
965000	4824	18175.676624774933	-141.0426628312646	-121.73258169260453	44.462164040901285	-113.50121409909002	-227.5743140647132	-12.321165	-12.290969	0.1707277376204729	0.16503905184566975	955001	-1.0835227	0.008671412244439125
970000	4848	18276.62580370903	-141.7384027787012	-119.95452905083363	73.22379023405968	-1.4724040694557186	-253.2011765147998	-10.879201	-10.853157	0.14880903052166106	0.14686319783329962	960001	-1.0324092	0.00909427274018526
975000	4872	18363.617394924164	-131.96828837433446	-120.79718314017701	67.19670120462385	-1.839850435099417	-239.24739511307604	-11.814545	-11.84774	0.20037707839161156	0.1891264635324478	965001	-1.0248247	0.009583675302565098
980000	4900	18478.417832136154	-171.8867958889719	-120.74723683063205	72.64355744905515	-114.69164429375803	-307.6094284223037	-10.238748	-10.20864	0.22371932111680506	0.18708295123651625	970001	-0.9529978	0.01056807953864336
985000	4924	18563.148455381393	-170.36929388838513	-226.16784515009684	105.15962935217127	-0.10198218504055352	-300.424344768366	-12.730825	-12.705918	0.12969130320474506	0.14934233475476502	975001	-0.99351525	0.009185043163597584
990000	4948	18648.39696288109	-116.56693562721844	-119.34155546170135	74.87039311868779	-0.22422861984692738	-225.4894627223943	-13.748321	-13.7274685	0.1630484539270401	0.16608560632914304	980001	-1.0239542	0.010434428229928017
995000	4972	18733.103125333786	-119.5696083283117	-122.13140388769042	52.55929550357829	-0.5831597108241279	-222.72229347676426	-12.651043	-12.66805	0.15482408981770276	0.13526649717241526	985001	-1.0041105	0.009792624041438103
1000000	5000	18831.921974658966	-152.9248051923188	-124.35884761266297	77.43371192998259	-0.644515233134982	-237.36350236875649	-12.687656	-12.728199	0.14075098117813467	0.16415007960051298	990001	-0.9860211	0.010082529857754707
